0,457,473,346,350,474,582,376,582,307
457,0,144,198,587,21,147,207,147,166
473,144,0,313,678,158,137,117,137,173
346,198,313,0,392,202,344,309,344,196
350,587,678,392,0,593,734,626,734,514
474,21,158,202,593,0,143,227,143,185
582,147,137,344,734,143,0,252,0,275
376,207,117,309,626,227,252,0,252,118
582,147,137,344,734,143,0,252,0,275
307,166,173,196,514,185,275,118,275,0
